//  l r u d x   y  x end 
	0 0	1 1	345	10 0 145

	0 0	1 1	345	208 0 229

	0 0	1 1	345	304 0 330

	0 0	1 1	345	387 0 414

	0 0	1 1	345	481 0 509

	0 0	1 1	345	580 0 711



	0 0	1 1	615	10 0 145

	0 0	1 1	615	208 0 229

	0 0	1 1	615	304 0 330

	0 0	1 1	615	387 0 414

	0 0	1 1	615	481 0 509

	0 0	1 1	615	580 0 711


	0 0	1 1	252	121 0 144

	0 0	1 1	252	208 0 237

	0 0	1 1	252	392 0 414

	0 0	1 1	252	481 0 509

	0 0	1 1	252	580 0 595

	
	0 0	1 1	706	121 0 144

	0 0	1 1	706	208 0 237

	0 0	1 1	706	392 0 414

	0 0	1 1	706	481 0 509

	0 0	1 1	706	580 0 595


	0 0	1 1	164	123 0 144

	0 0	1 1	164	300 0 410

	0 0	1 1	164	565 0 592


	0 0	1 1	798	123 0 144

	0 0	1 1	798	300 0 410

	0 0	1 1	798	565 0 592


	0 0	1 1	72	208 0 239

	0 0	1 1	72	297 0 325

	0 0	1 1	72	387 0 412

	0 0	1 1	72	480 0 505


	0 0	1 1	888	208 0 239

	0 0	1 1	888	297 0 325

	0 0	1 1	888	387 0 412

	0 0	1 1	888	480 0 505


	1 1	0 0	200	88 1 220

	1 1	0 0	200	270 1 220
		
	1 1	0 0	200	449 1 220

	1 1	0 0	200	631 1 220


	1 1	0 0	737	88 1 764

	1 1	0 0	737	270 1 764

	1 1	0 0	737	449 1 764

	1 1	0 0	737	631 1 764


	1 1	0 0	107	180 1 128

	1 1	0 0	107	271 1 128

	1 1	0 0	107	450 1 128

	1 1	0 0	107	540 1 128


	1 1	0 0	827	180 1 851

	1 1	0 0	827	271 1 851

	1 1	0 0	827	450 1 851

	1 1	0 0	827	540 1 851


	1 1	0 0	379	180 1 443

	1 1	0 0	379	271 1 443

	1 1	0 0	379	450 1 443

	1 1	0 0	379	540 1 443


	1 1	0 0	520	180 1 575

	1 1	0 0	520	271 1 575

	1 1	0 0	520	450 1 575

	1 1	0 0	520	540 1 575


	1 1	0 0	285	180 1 312

	1 1	0 0	285	360 1 312

	1 1	0 0	285	540 1 312


	1 1	0 0 650	180 1 672

	1 1	0 0	650	360 1 672

	1 1	0 0	650	540 1 672


	1 1	0 0 6	360 1 41


	1 1	0 0 917	360 1 950


	0 0	1 1 482	210 0 234

	0 0	1 1 482	478 0 505